Cell_Experiment_March_2013_kristina
2013
0.0 -0.0225
0.5 0.1564
1.0 0.0879
1.5 -0.1384
2.0 0.1066
2.5 -0.0909
3.0 0.0064
3.5 -0.1112
4.0 0.0490
4.5 0.0563
5.0 0.0861
5.5 0.0483
6.0 -0.0868
6.5 0.0065
7.0 0.3853
7.5 0.0192
8.0 0.1489
8.5 -0.0494
9.0 0.1023
9.5 -0.1598
10.0 -0.0349
10.5 0.1306
11.0 0.0231
11.5 0.1133
12.0 -0.1292
12.5 0.0141
13.0 0.1872
13.5 0.1326
14.0 -0.0763
14.5 0.0139
15.0 0.0674
15.5 -0.0016
16.0 -0.1075
16.5 -0.0378
17.0 0.0809
17.5 -0.0457
18.0 0.0916
18.5 -0.0087
19.0 -0.1280
19.5 0.0175
20.0 -0.0332
20.5 -0.0042
21.0 0.0064
21.5 0.0122
22.0 0.1886
22.5 0.0878
23.0 0.1070
23.5 0.0929
24.0 -0.0900
24.5 0.3216
25.0 0.0495
25.5 0.0228
26.0 0.0150
26.5 0.0786
27.0 0.1636
27.5 0.1082
28.0 0.0182
28.5 0.0544
29.0 0.0321
29.5 0.1380
30.0 0.0528
30.5 0.1906
31.0 0.0537
31.5 0.2291
32.0 0.1594
32.5 0.1681
33.0 0.2081
33.5 0.0036
34.0 0.3618
34.5 0.2194
35.0 0.2462
35.5 0.2324
36.0 0.1787
36.5 0.0108
37.0 0.3928
37.5 0.2446
38.0 0.1904
38.5 0.3523
39.0 0.3505
39.5 0.5319
40.0 0.2430
40.5 0.3152
41.0 0.3319
41.5 0.5751
42.0 0.4766
42.5 0.5733
43.0 0.6452
43.5 0.5781
44.0 0.6411
44.5 0.6190
45.0 0.8218
45.5 0.9008
46.0 0.9793
46.5 0.8490
47.0 0.9370
47.5 0.9424
48.0 1.0177
48.5 0.9637
49.0 0.8265
49.5 1.1213
50.0 0.9634
50.5 0.8428
51.0 1.0048
51.5 0.9893
52.0 1.0444
52.5 1.1728
53.0 0.8722
53.5 0.9535
54.0 1.0362
54.5 0.6957
55.0 1.0201
55.5 1.0542
56.0 0.7624
56.5 0.9770
57.0 0.7824
57.5 0.9540
58.0 0.9500
58.5 0.9791
59.0 0.9781
59.5 0.9802
60.0 1.0037
60.5 0.8126
61.0 0.9536
61.5 1.0281
62.0 0.9359
62.5 0.7158
63.0 0.9181
63.5 0.9014
64.0 0.8241
64.5 0.9432
65.0 1.0938
65.5 0.9680
66.0 1.0152
66.5 0.9432
67.0 0.7636
67.5 1.0263
68.0 0.8318
68.5 0.9837
69.0 0.8154
69.5 0.9107
70.0 0.9786
70.5 0.7051
71.0 0.9632
71.5 0.9140
72.0 0.9335
72.5 0.8787
73.0 0.7921
73.5 0.8548
74.0 0.9457
74.5 0.6638
75.0 0.8404
75.5 0.7027
76.0 0.6870
76.5 0.7927
77.0 1.0134
77.5 0.8192
78.0 0.6767
78.5 0.6669
79.0 0.8051
79.5 0.7690
80.0 0.9271
80.5 0.6708
81.0 0.7264
81.5 0.7423
82.0 0.7496
82.5 0.8897
83.0 0.7223
83.5 0.6937
84.0 0.8732
84.5 0.8208
85.0 0.7862
85.5 0.7947
86.0 0.7781
86.5 0.9514
87.0 0.7307
87.5 0.8088
88.0 0.6064
88.5 0.5291
89.0 0.6039
89.5 0.7440
90.0 0.8300
90.5 0.6343
91.0 0.5379
91.5 0.6389
92.0 0.5673
92.5 0.6705
93.0 0.7909
93.5 0.7033
94.0 0.5071
94.5 0.6134
95.0 0.6226
95.5 0.6057
96.0 0.6330
96.5 0.5599
97.0 0.4608
97.5 0.5372
98.0 0.4874
98.5 0.4612
99.0 0.1945
99.5 0.2895
100.0 0.3551
100.5 0.4130
101.0 0.0062
101.5 0.1756
102.0 0.1448
102.5 0.2181
103.0 0.0195
103.5 -0.2309
104.0 -0.1556
104.5 -0.1382
105.0 -0.1597
105.5 -0.3560
106.0 -0.2623
106.5 -0.4631
107.0 -0.1979
107.5 -0.0885
108.0 -0.2000
108.5 -0.4271
109.0 -0.1932
109.5 -0.6108
110.0 -0.2501
110.5 -0.3882
111.0 -0.2589
111.5 -0.5047
112.0 -0.2638
112.5 -0.3522
113.0 -0.2756
113.5 -0.2359
114.0 -0.0521
114.5 -0.1398
115.0 -0.2177
115.5 -0.3423
116.0 -0.4593
116.5 -0.2655
117.0 -0.2571
117.5 -0.2482
118.0 -0.1315
118.5 -0.4003
119.0 -0.3738
119.5 -0.3093
120.0 -0.3046
120.5 -0.3182
121.0 -0.2487
121.5 -0.1109
122.0 -0.4149
122.5 -0.2250
123.0 -0.2091
123.5 -0.2236
124.0 -0.0335
124.5 -0.1913
125.0 -0.2765
125.5 -0.1271
126.0 -0.2782
126.5 -0.3140
127.0 -0.2115
127.5 -0.0804
128.0 -0.1142
128.5 -0.2634
129.0 -0.1727
129.5 -0.1184
130.0 -0.1851
130.5 -0.2429
131.0 -0.3582
131.5 -0.1766
132.0 -0.1840
132.5 -0.1547
133.0 -0.1114
133.5 -0.1541
134.0 -0.1996
134.5 -0.1954
135.0 -0.1758
135.5 -0.1545
136.0 -0.2751
136.5 -0.1319
137.0 -0.2550
137.5 -0.2389
138.0 -0.3137
138.5 -0.2285
139.0 -0.0426
139.5 -0.3183
140.0 -0.1953
140.5 -0.1712
141.0 -0.1243
141.5 -0.1844
142.0 -0.2627
142.5 -0.0015
143.0 -0.1324
143.5 -0.1870
144.0 -0.0837
144.5 -0.0913
145.0 -0.1551
145.5 -0.1781
146.0 -0.1689
146.5 -0.1563
147.0 -0.2852
147.5 -0.0199
148.0 -0.1549
148.5 -0.0292
149.0 -0.0961
149.5 -0.1075
150.0 -0.0520
150.5 -0.1877
151.0 -0.1304
151.5 -0.0724
152.0 -0.2644
152.5 -0.0568
153.0 -0.0623
153.5 -0.1205
154.0 -0.1642
154.5 -0.1044
155.0 -0.2181
155.5 -0.1853
156.0 -0.1306
156.5 -0.0727
157.0 -0.1142
157.5 -0.2216
158.0 -0.0441
158.5 -0.2462
159.0 -0.2409
159.5 -0.1662
160.0 -0.0691
160.5 -0.0480
161.0 -0.2078
161.5 -0.1368
162.0 -0.0563
162.5 -0.1301
163.0 -0.0500
163.5 -0.0576
164.0 -0.2130
164.5 -0.0956
165.0 -0.2977
165.5 -0.2182
166.0 -0.1045
166.5 0.1174
167.0 -0.1603
167.5 0.0097
168.0 -0.1217
168.5 -0.1087
169.0 -0.1240
169.5 -0.0544
170.0 -0.0098
170.5 -0.0297
171.0 -0.1235
171.5 -0.1610
172.0 -0.0029
172.5 -0.0498
173.0 -0.0129
173.5 0.0640
174.0 -0.0413
174.5 -0.0182
175.0 -0.0882
175.5 0.0370
176.0 0.0616
176.5 0.0848
177.0 -0.0650
177.5 0.0692
178.0 0.0368
178.5 -0.1257
179.0 -0.1892
179.5 0.0632
180.0 0.0706
180.5 0.1250
181.0 0.0063
181.5 0.0061
182.0 0.1442
182.5 0.0833
183.0 0.0339
183.5 0.0534
184.0 0.0610
184.5 0.0076
185.0 -0.1486
185.5 -0.0111
186.0 -0.1563
186.5 0.0753
187.0 0.0343
187.5 -0.0739
188.0 0.1503
188.5 0.0496
189.0 -0.0168
189.5 0.0767
190.0 -0.0519
190.5 0.1242
191.0 -0.0161
191.5 0.0111
192.0 0.0478
192.5 0.1048
193.0 -0.0350
193.5 -0.0528
194.0 0.0938
194.5 0.0638
195.0 0.0535
195.5 0.0094
196.0 0.1717
196.5 0.1743
197.0 -0.0845
197.5 0.2515
198.0 -0.0609
198.5 -0.0961
199.0 -0.0369
199.5 0.0998
200.0 0.1124
200.5 0.0136
201.0 0.3157
201.5 -0.0022
202.0 0.1019
202.5 0.0048
203.0 0.2295
203.5 0.1401
204.0 -0.0262
204.5 0.0802
205.0 0.2006
205.5 -0.0031
206.0 0.0526
206.5 0.1461
207.0 -0.0717
207.5 0.0020
208.0 0.0905
208.5 0.0497
209.0 -0.1765
209.5 0.1429
210.0 0.2878
210.5 0.1304
211.0 0.1764
211.5 0.3167
212.0 0.0270
212.5 0.1326
213.0 0.2473
213.5 0.2936
214.0 0.0994
214.5 0.1873
215.0 0.3482
215.5 0.1820
216.0 0.2683
216.5 0.2884
217.0 0.1950
217.5 0.2173
218.0 0.4093
218.5 0.2911
219.0 0.3566
219.5 0.3426
220.0 0.2909
220.5 0.4793
221.0 0.3791
221.5 0.4615
222.0 0.5544
222.5 0.6341
223.0 0.4193
223.5 0.7268
224.0 0.6349
224.5 0.7518
225.0 0.9570
225.5 0.7183
226.0 0.9733
226.5 0.9429
227.0 0.9165
227.5 0.7465
228.0 1.1520
228.5 0.9689
229.0 0.9580
229.5 0.8809
230.0 1.0759
230.5 1.0300
231.0 0.7359
231.5 1.0624
232.0 0.9338
232.5 0.9420
233.0 0.7696
233.5 0.8939
234.0 1.0883
234.5 1.0068
235.0 1.0827
235.5 0.9820
236.0 0.9150
236.5 0.9683
237.0 0.9456
237.5 0.9815
238.0 0.8677
238.5 0.8940
239.0 0.8321
239.5 0.8508
240.0 1.0537
240.5 1.0886
241.0 1.0077
241.5 0.8827
242.0 1.0220
242.5 0.9556
243.0 0.8013
243.5 0.8352
244.0 0.8080
244.5 0.9575
245.0 0.8465
245.5 0.9612
246.0 0.8316
246.5 1.0361
247.0 0.9119
247.5 0.8302
248.0 0.9732
248.5 0.8700
249.0 0.8033
249.5 0.7725
250.0 0.9708
250.5 0.9544
251.0 0.7142
251.5 0.8462
252.0 0.8217
252.5 1.0089
253.0 0.9663
253.5 0.6967
254.0 0.8678
254.5 1.0590
255.0 0.7796
255.5 1.0273
256.0 0.7375
256.5 0.7694
257.0 1.0276
257.5 1.0226
258.0 0.5432
258.5 0.7434
259.0 0.6572
259.5 0.7478
260.0 0.7202
260.5 0.9201
261.0 0.7336
261.5 0.7406
262.0 0.7740
262.5 0.8093
263.0 0.7807
263.5 0.8336
264.0 0.7214
264.5 0.7050
265.0 0.8347
265.5 0.5804
266.0 0.7274
266.5 0.6503
267.0 0.7780
267.5 0.8602
268.0 0.5446
268.5 0.5629
269.0 0.7097
269.5 0.8104
270.0 0.4322
270.5 0.6584
271.0 0.7220
271.5 0.6582
272.0 0.6533
272.5 0.6291
273.0 0.4209
273.5 0.6237
274.0 0.6089
274.5 0.5817
275.0 0.7619
275.5 0.6035
276.0 0.5524
276.5 0.4025
277.0 0.6123
277.5 0.3804
278.0 0.4386
278.5 0.2874
279.0 0.4181
279.5 0.3518
280.0 0.2457
280.5 0.0713
281.0 0.3265
281.5 0.1129
282.0 0.2347
282.5 0.0519
283.0 -0.1047
283.5 -0.1065
284.0 -0.0606
284.5 -0.3471
285.0 -0.2041
285.5 -0.3061
286.0 -0.1589
286.5 -0.2614
287.0 -0.3008
287.5 -0.3539
288.0 -0.3002
288.5 -0.4218
289.0 -0.3897
289.5 -0.1674
290.0 -0.3684
290.5 -0.3144
291.0 -0.1699
291.5 -0.1837
292.0 -0.4366
292.5 -0.4199
293.0 -0.2071
293.5 -0.4413
294.0 -0.2096
294.5 -0.2617
295.0 -0.1954
295.5 -0.2856
296.0 -0.1815
296.5 -0.1538
297.0 -0.1977
297.5 -0.3305
298.0 -0.2028
298.5 -0.1282
299.0 -0.2698
299.5 -0.1480
300.0 -0.4158
300.5 -0.1282
301.0 -0.1137
301.5 -0.3250
302.0 -0.3618
302.5 -0.0073
303.0 -0.3559
303.5 -0.2831
304.0 -0.1094
304.5 -0.1140
305.0 -0.3594
305.5 -0.2309
306.0 -0.1450
306.5 -0.4105
307.0 -0.2369
307.5 -0.2049
308.0 -0.1518
308.5 -0.1283
309.0 -0.2614
309.5 -0.3726
310.0 -0.1310
310.5 -0.2039
311.0 -0.0186
311.5 -0.2354
312.0 -0.0255
312.5 -0.2162
313.0 -0.2896
313.5 -0.0293
314.0 -0.0674
314.5 -0.0776
315.0 -0.3251
315.5 -0.0493
316.0 -0.3081
316.5 -0.0440
317.0 -0.0959
317.5 -0.1912
318.0 -0.1226
318.5 -0.1346
319.0 -0.2003
319.5 -0.0279
320.0 -0.2227
320.5 -0.0588
321.0 -0.0781
321.5 -0.1840
322.0 -0.1336
322.5 -0.0610
323.0 -0.1948
323.5 -0.2473
324.0 -0.1802
324.5 -0.0108
325.0 -0.1495
325.5 0.0468
326.0 -0.3390
326.5 -0.1458
327.0 -0.2608
327.5 -0.1722
328.0 -0.1990
328.5 -0.3059
329.0 -0.1366
329.5 -0.0134
330.0 -0.0820
330.5 -0.0391
331.0 -0.0979
331.5 -0.1941
332.0 -0.0723
332.5 -0.0862
333.0 -0.0430
333.5 -0.1383
334.0 -0.2701
334.5 -0.1507
335.0 -0.1556
335.5 -0.0236
336.0 -0.2127
336.5 -0.2054
337.0 -0.0858
337.5 -0.1885
338.0 -0.0881
338.5 -0.0751
339.0 0.0574
339.5 -0.2149
340.0 -0.1193
340.5 -0.0394
341.0 -0.2010
341.5 -0.0752
342.0 -0.0688
342.5 -0.0652
343.0 -0.0777
343.5 0.1704
344.0 -0.1056
344.5 -0.2317
345.0 -0.0876
345.5 -0.1631
346.0 -0.1063
346.5 -0.0060
347.0 -0.1826
347.5 0.0676
348.0 -0.0321
348.5 -0.1200
349.0 -0.0727
349.5 -0.2680
350.0 -0.0769
350.5 0.0665
351.0 -0.0851
351.5 -0.0162
352.0 -0.1153
352.5 -0.0652
353.0 -0.0246
353.5 0.0028
354.0 -0.1704
354.5 0.0204
355.0 0.0863
355.5 -0.1029
356.0 0.0101
356.5 -0.2352
357.0 0.1143
357.5 -0.0173
358.0 -0.1212
358.5 0.0488
359.0 0.0411
359.5 0.0125
360.0 -0.0291
360.5 0.0038
361.0 0.0572
361.5 -0.0982
362.0 0.0547
362.5 -0.0081
363.0 0.0890
363.5 0.0184
364.0 0.0270
364.5 -0.0316
365.0 -0.1116
365.5 0.0181
366.0 0.0856
366.5 0.1344
367.0 0.0233
367.5 -0.0672
368.0 0.1667
368.5 0.1231
369.0 -0.0299
369.5 0.0545
370.0 -0.1193
370.5 -0.0633
371.0 -0.0257
371.5 -0.1085
372.0 -0.0196
372.5 -0.1080
373.0 0.0204
373.5 0.0169
374.0 0.3617
374.5 0.0711
375.0 0.0995
375.5 0.1707
376.0 -0.0509
376.5 0.1381
377.0 0.0010
377.5 0.0051
378.0 0.1461
378.5 0.1085
379.0 0.0491
379.5 0.0974
380.0 0.0660
380.5 0.2806
381.0 -0.0827
381.5 0.0371
382.0 0.0573
382.5 0.0612
383.0 0.2180
383.5 -0.0353
384.0 0.1288
384.5 0.0501
385.0 0.1591
385.5 0.0938
386.0 0.0234
386.5 0.0243
387.0 0.0780
387.5 0.3143
388.0 0.2148
388.5 0.0892
389.0 0.2283
389.5 0.1246
390.0 -0.0851
390.5 0.2788
391.0 0.1584
391.5 0.2885
392.0 0.1286
392.5 0.1606
393.0 0.1252
393.5 0.0293
394.0 0.3109
394.5 0.1204
395.0 0.0702
395.5 0.1690
396.0 0.1101
396.5 0.0477
397.0 0.2571
397.5 0.2654
398.0 -0.0306
398.5 0.3757
399.0 0.4028
399.5 0.3941
400.0 0.3387
400.5 0.3951
401.0 0.5173
401.5 0.4121
402.0 0.6117
402.5 0.5695
403.0 0.6179
403.5 0.6938
404.0 0.7733
404.5 0.8142
405.0 0.8221
405.5 0.8160
406.0 0.9902
406.5 1.1423
407.0 1.0637
407.5 0.8348
408.0 1.0181
408.5 1.0096
409.0 0.9323
409.5 0.9115
410.0 1.0909
410.5 0.9956
411.0 1.0767
411.5 1.1190
412.0 0.9071
412.5 0.9729
413.0 1.0574
413.5 0.9276
414.0 1.0044
414.5 0.9662
415.0 0.9825
415.5 1.1180
416.0 1.1740
416.5 0.9389
417.0 0.8649
417.5 0.9076
418.0 1.0755
418.5 1.0342
419.0 0.7539
419.5 0.7514
420.0 0.8434
420.5 0.9959
421.0 0.9574
421.5 0.9657
422.0 0.8829
422.5 0.5168
423.0 0.6744
423.5 0.7284
424.0 0.9674
424.5 0.9712
425.0 0.8186
425.5 1.0360
426.0 0.8848
426.5 1.0196
427.0 0.8541
427.5 0.9030
428.0 1.0435
428.5 0.8178
429.0 0.7037
429.5 0.7600
430.0 0.7763
430.5 0.8172
431.0 0.6595
431.5 0.8750
432.0 0.7910
432.5 0.9617
433.0 0.9084
433.5 0.7556
434.0 0.8110
434.5 0.7106
435.0 0.6752
435.5 0.9313
436.0 0.8507
436.5 0.8373
437.0 0.7383
437.5 0.7845
438.0 0.7139
438.5 0.8242
439.0 0.8080
439.5 0.7080
440.0 0.6107
440.5 0.7232
441.0 0.7976
441.5 0.8061
442.0 0.5084
442.5 0.7192
443.0 0.7488
443.5 0.6392
444.0 0.7860
444.5 0.7566
445.0 0.8482
445.5 0.4810
446.0 0.8753
446.5 0.7823
447.0 0.6917
447.5 0.6124
448.0 0.5753
448.5 0.6632
449.0 0.7198
449.5 0.7102
450.0 0.6019
450.5 0.7117
451.0 0.7206
451.5 0.6854
452.0 0.5773
452.5 0.4382
453.0 0.6275
453.5 0.8571
454.0 0.5800
454.5 0.6705
455.0 0.3429
455.5 0.5955
456.0 0.6262
456.5 0.5046
457.0 0.4937
457.5 0.3842
458.0 0.5926
458.5 0.3901
459.0 0.1734
459.5 0.3278
460.0 0.0898
460.5 0.1139
461.0 0.2593
461.5 -0.1665
462.0 0.1375
462.5 -0.1603
463.0 -0.1714
463.5 -0.1359
464.0 -0.1658
464.5 -0.3640
465.0 -0.2982
465.5 -0.1257
466.0 -0.2965
466.5 -0.3603
467.0 -0.3966
467.5 -0.2424
468.0 -0.2840
468.5 -0.2191
469.0 -0.3270
469.5 -0.2740
470.0 -0.2628
470.5 -0.3409
471.0 -0.2949
471.5 -0.4276
472.0 -0.2632
472.5 -0.1340
473.0 -0.2287
473.5 -0.3008
474.0 -0.3585
474.5 -0.2953
475.0 -0.2508
475.5 -0.2707
476.0 -0.4744
476.5 -0.2192
477.0 -0.4138
477.5 -0.3599
478.0 -0.0562
478.5 -0.2213
479.0 -0.3179
479.5 -0.3635
480.0 -0.2633
480.5 -0.0009
481.0 -0.1800
481.5 -0.3393
482.0 -0.2659
482.5 -0.0880
483.0 -0.0491
483.5 -0.0079
484.0 -0.2547
484.5 -0.0529
485.0 -0.1888
485.5 -0.2826
486.0 -0.1716
486.5 -0.1307
487.0 -0.2622
487.5 -0.1562
488.0 -0.2258
488.5 -0.1712
489.0 -0.2634
489.5 -0.2901
490.0 -0.2344
490.5 -0.0083
491.0 -0.2745
491.5 -0.1054
492.0 -0.1196
492.5 -0.2536
493.0 -0.2132
493.5 -0.1865
494.0 -0.4590
494.5 -0.2004
495.0 -0.1768
495.5 -0.2275
496.0 -0.0479
496.5 -0.2074
497.0 -0.2377
497.5 -0.2478
498.0 -0.1823
498.5 -0.0874
499.0 -0.0563
499.5 -0.1027
500.0 -0.1345
500.5 -0.0757
501.0 -0.2614
501.5 0.0159
502.0 -0.1510
502.5 -0.0825
503.0 -0.1520
503.5 -0.0863
504.0 -0.3442
504.5 -0.1477
505.0 0.1108
505.5 -0.0793
506.0 -0.1163
506.5 -0.0827
507.0 -0.0428
507.5 -0.0116
508.0 -0.1792
508.5 -0.4451
509.0 -0.1666
509.5 -0.1855
510.0 -0.1901
510.5 -0.1571
511.0 -0.0763
511.5 -0.2144
512.0 -0.1985
512.5 -0.1279
513.0 -0.1552
513.5 -0.2445
514.0 -0.0799
514.5 -0.1033
515.0 -0.2453
515.5 -0.0425
516.0 -0.1549
516.5 -0.0322
517.0 -0.1375
517.5 -0.1746
518.0 0.0610
518.5 -0.1491
519.0 -0.1592
519.5 -0.0864
520.0 0.0783
520.5 -0.1328
521.0 -0.0484
521.5 -0.0906
522.0 -0.2389
522.5 -0.0413
523.0 -0.0391
523.5 -0.2498
524.0 0.0010
524.5 0.0240
525.0 -0.0683
525.5 -0.0704
526.0 -0.1219
526.5 -0.2257
527.0 -0.0598
527.5 -0.2397
528.0 -0.0824
528.5 -0.0544
529.0 -0.1190
529.5 -0.1098
530.0 0.0841
530.5 -0.1259
531.0 -0.0565
531.5 0.0234
532.0 -0.0135
532.5 -0.0049
533.0 -0.0557
533.5 -0.2178
534.0 -0.0818
534.5 -0.0760
535.0 -0.1400
535.5 -0.1790
536.0 -0.1092
536.5 -0.0054
537.0 0.0179
537.5 0.0076
538.0 -0.0339
538.5 0.0820
539.0 -0.0755
539.5 -0.0818
540.0 -0.0477
540.5 -0.0849
541.0 -0.0170
541.5 -0.1464
542.0 0.0348
542.5 0.1159
543.0 -0.0099
543.5 0.0169
544.0 -0.0628
544.5 -0.0975
545.0 0.0434
545.5 0.1898
546.0 -0.0361
546.5 -0.0303
547.0 -0.1301
547.5 0.0137
548.0 0.0165
548.5 0.1589
549.0 0.1224
549.5 0.1762
550.0 0.0267
550.5 0.0233
551.0 -0.0100
551.5 -0.0836
552.0 0.0571
552.5 -0.0432
553.0 0.1648
553.5 0.0508
554.0 -0.0438
554.5 0.1140
555.0 0.0725
555.5 -0.0918
556.0 0.0820
556.5 0.1571
557.0 0.0864
557.5 0.0534
558.0 0.0462
558.5 0.1133
559.0 -0.0196
559.5 0.1086
560.0 0.0205
560.5 0.0178
561.0 0.0036
561.5 0.0776
562.0 0.0046
562.5 0.0110
563.0 0.0423
563.5 0.0432
564.0 -0.0300
564.5 0.2019
565.0 0.0930
565.5 0.1264
566.0 -0.0463
566.5 0.1040
567.0 0.1066
567.5 0.1238
568.0 0.1151
568.5 0.2209
569.0 -0.0280
569.5 0.1737
570.0 0.1453
570.5 0.1937
571.0 0.1777
571.5 0.2964
572.0 0.1034
572.5 0.2530
573.0 0.1761
573.5 0.0543
574.0 0.1419
574.5 0.1406
575.0 0.1068
575.5 0.2284
576.0 0.2082
576.5 0.2785
577.0 0.4427
577.5 0.2330
578.0 0.2193
578.5 0.2815
579.0 0.2707
579.5 0.4031
580.0 0.3808
580.5 0.5452
581.0 0.6891
581.5 0.5726
582.0 0.4752
582.5 0.4588
583.0 0.5844
583.5 0.8996
584.0 0.6032
584.5 0.8651
585.0 1.0292
585.5 1.0524
586.0 1.0007
586.5 0.9168
587.0 0.8108
587.5 1.0681
588.0 0.9884
588.5 1.1233
589.0 0.9519
589.5 0.8295
590.0 0.9656
590.5 1.0655
591.0 0.9019
591.5 0.8760
592.0 1.0927
592.5 0.8973
593.0 0.9019
593.5 0.9214
594.0 0.8541
594.5 0.9741
595.0 1.2475
595.5 0.8846
596.0 0.7658
596.5 0.9510
597.0 0.8119
597.5 1.1702
598.0 0.7551
598.5 1.0681
599.0 0.7746
599.5 0.9129
600.0 0.8957
600.5 1.0390
601.0 0.8911
601.5 0.9989
602.0 0.7661
602.5 0.9003
603.0 0.9710
603.5 0.9391
604.0 1.0296
604.5 0.8393
605.0 0.8675
605.5 0.8847
606.0 0.7706
606.5 0.8085
607.0 0.8473
607.5 0.9374
608.0 0.8621
608.5 0.7671
609.0 0.9752
609.5 0.6692
610.0 0.6299
610.5 0.8456
611.0 0.8527
611.5 0.9633
612.0 0.7829
612.5 0.8454
613.0 0.8116
613.5 0.8979
614.0 0.9162
614.5 0.7915
615.0 0.9871
615.5 0.9057
616.0 0.7831
616.5 0.7815
617.0 0.7872
617.5 0.7576
618.0 0.9157
618.5 0.9667
619.0 0.8277
619.5 0.9726
620.0 0.8511
620.5 0.7042
621.0 1.0036
621.5 0.7805
622.0 0.7968
622.5 0.8460
623.0 0.7462
623.5 0.8530
624.0 0.7646
624.5 0.8109
625.0 0.6389
625.5 0.6980
626.0 0.6001
626.5 0.7199
627.0 0.4840
627.5 0.5767
628.0 0.7637
628.5 0.5533
629.0 0.7140
629.5 0.6471
630.0 0.8178
630.5 0.8175
631.0 0.5968
631.5 0.6167
632.0 0.6714
632.5 0.7033
633.0 0.6225
633.5 0.7859
634.0 0.5704
634.5 0.3961
635.0 0.4391
635.5 0.5378
636.0 0.6034
636.5 0.6285
637.0 0.3885
637.5 0.5443
638.0 0.3520
638.5 0.2735
639.0 0.2241
639.5 0.1716
640.0 0.2208
640.5 0.0183
641.0 0.0096
641.5 0.1450
642.0 -0.1788
642.5 -0.0057
643.0 -0.4005
643.5 0.1011
644.0 -0.2969
644.5 -0.5907
645.0 -0.2564
645.5 -0.1893
646.0 -0.4031
646.5 -0.4294
647.0 -0.4015
647.5 -0.2283
648.0 -0.2044
648.5 -0.1971
649.0 -0.3294
649.5 -0.2908
650.0 -0.1248
650.5 -0.4077
651.0 -0.3297
651.5 -0.3938
652.0 -0.0443
652.5 -0.2023
653.0 -0.2368
653.5 -0.1282
654.0 -0.2862
654.5 -0.2994
655.0 -0.1747
655.5 -0.3305
656.0 -0.3577
656.5 -0.2642
657.0 -0.3335
657.5 -0.2789
658.0 -0.2456
658.5 -0.2615
659.0 -0.2721
659.5 -0.0976
660.0 -0.1058
660.5 -0.2882
661.0 -0.2127
661.5 -0.2974
662.0 -0.1723
662.5 -0.1288
663.0 -0.2243
663.5 -0.2940
664.0 -0.3962
664.5 -0.3010
665.0 -0.2587
665.5 -0.0675
666.0 -0.2965
666.5 -0.0830
667.0 -0.1864
667.5 0.0125
668.0 -0.1766
668.5 -0.4369
669.0 -0.1432
669.5 -0.1899
670.0 -0.0721
670.5 -0.2085
671.0 -0.2056
671.5 -0.2243
672.0 -0.3360
672.5 -0.2218
673.0 -0.2374
673.5 -0.2491
674.0 -0.1624
674.5 -0.1426
675.0 -0.3116
675.5 -0.2618
676.0 -0.2223
676.5 -0.3225
677.0 -0.1714
677.5 -0.2224
678.0 -0.1448
678.5 -0.2014
679.0 -0.0040
679.5 -0.1779
680.0 -0.2770
680.5 -0.0086
681.0 -0.2426
681.5 -0.3271
682.0 -0.0358
682.5 -0.0306
683.0 -0.1463
683.5 -0.1767
684.0 -0.1651
684.5 -0.2109
685.0 -0.3006
685.5 -0.1909
686.0 -0.1843
686.5 -0.1854
687.0 -0.0873
687.5 -0.1022
688.0 -0.0928
688.5 -0.0891
689.0 -0.0579
689.5 -0.2629
690.0 -0.0899
690.5 -0.1549
691.0 -0.2029
691.5 -0.3586
692.0 -0.0561
692.5 -0.0202
693.0 -0.0311
693.5 -0.1392
694.0 -0.0527
694.5 -0.1087
695.0 -0.0508
695.5 -0.1967
696.0 -0.0702
696.5 -0.0849
697.0 -0.1558
697.5 -0.2253
698.0 -0.0367
698.5 -0.1554
699.0 -0.2131
699.5 -0.3132
700.0 -0.1303
700.5 -0.1292
701.0 -0.1650
701.5 -0.1320
702.0 0.2448
702.5 -0.2835
703.0 0.0341
703.5 -0.0968
704.0 -0.0469
704.5 0.0727
705.0 -0.0972
705.5 0.1393
706.0 -0.0220
706.5 -0.0721
707.0 0.0508
707.5 -0.0692
708.0 -0.1657
708.5 -0.0976
709.0 -0.1852
709.5 -0.1594
710.0 -0.2806
710.5 -0.1034
711.0 -0.1290
711.5 -0.1782
712.0 -0.0984
712.5 0.2285
713.0 -0.0093
713.5 -0.0360
714.0 0.0200
714.5 -0.0209
715.0 -0.0393
715.5 -0.2271
716.0 -0.1196
716.5 0.0439
717.0 0.0606
717.5 -0.0230
718.0 -0.1020
718.5 0.0899
719.0 -0.0533
719.5 -0.0201
720.0 -0.1714
720.5 0.0737
721.0 0.0339
721.5 -0.1056
722.0 -0.0227
722.5 0.1065
723.0 -0.0536
723.5 -0.1294
724.0 0.0376
724.5 0.0276
725.0 0.2071
725.5 0.0004
726.0 0.0890
726.5 -0.0589
727.0 -0.0874
727.5 -0.0387
728.0 -0.0475
728.5 0.0090
729.0 0.1029
729.5 0.0144
730.0 -0.1302
730.5 -0.0274
731.0 0.1816
731.5 0.0897
732.0 0.1320
732.5 -0.0792
733.0 0.0085
733.5 -0.0427
734.0 0.0820
734.5 -0.0348
735.0 -0.0472
735.5 0.0029
736.0 -0.0178
736.5 0.1779
737.0 0.0321
737.5 0.0017
738.0 0.0191
738.5 0.1195
739.0 -0.0235
739.5 0.0853
740.0 0.0577
740.5 0.0865
741.0 0.0699
741.5 0.2587
742.0 -0.0447
742.5 0.0854
743.0 -0.1497
743.5 0.0725
744.0 0.1179
744.5 0.1460
745.0 0.2207
745.5 0.2484
746.0 -0.1376
746.5 0.1742
747.0 0.2402
747.5 0.0010
748.0 0.0468
748.5 0.1318
749.0 0.1331
749.5 -0.0299
750.0 0.1799
750.5 0.2198
751.0 0.1887
751.5 0.0772
752.0 0.3000
752.5 -0.0492
753.0 0.1032
753.5 0.1730
754.0 0.1399
754.5 0.2703
755.0 0.1731
755.5 0.2922
756.0 0.1667
756.5 0.2421
757.0 0.1988
757.5 0.2480
758.0 0.3876
758.5 0.1391
759.0 0.3399
759.5 0.5297
760.0 0.4265
760.5 0.3761
761.0 0.5687
761.5 0.3830
762.0 0.6524
762.5 0.5493
763.0 0.6520
763.5 0.6594
764.0 0.7173
764.5 0.8988
765.0 0.9816
765.5 1.0400
766.0 0.6690
766.5 0.9086
767.0 0.9088
767.5 1.0401
768.0 1.1983
768.5 1.0041
769.0 0.9032
769.5 1.1022
770.0 0.9860
770.5 0.8749
771.0 0.9922
771.5 0.9873
772.0 1.0830
772.5 1.1069
773.0 1.1253
773.5 0.7036
774.0 0.9943
774.5 1.0030
775.0 0.8134
775.5 0.9615
776.0 0.8231
776.5 0.9420
777.0 0.8970
777.5 0.7978
778.0 0.9228
778.5 1.0724
779.0 0.9285
779.5 0.7418
780.0 0.8987
780.5 0.8739
781.0 0.9822
781.5 0.8186
782.0 0.7104
782.5 0.9406
783.0 1.0598
783.5 0.7051
784.0 0.9556
784.5 1.0427
785.0 0.7181
785.5 0.9204
786.0 0.9556
786.5 0.6791
787.0 0.7976
787.5 0.7926
788.0 0.9460
788.5 1.0592
789.0 1.0017
789.5 0.9530
790.0 0.6993
790.5 0.9532
791.0 0.7523
791.5 0.9710
792.0 0.8377
792.5 0.7301
793.0 0.7398
793.5 0.8113
794.0 0.8084
794.5 0.7101
795.0 0.9537
795.5 0.8674
796.0 0.8656
796.5 0.9855
797.0 0.7769
797.5 0.9691
798.0 0.7579
798.5 0.7301
799.0 1.0069
799.5 0.6515
800.0 0.6454
800.5 0.8001
801.0 0.9321
801.5 0.7624
802.0 1.0212
802.5 0.8763
803.0 0.6252
803.5 0.6424
804.0 0.8332
804.5 0.8017
805.0 0.8585
805.5 0.6543
806.0 0.8092
806.5 0.6404
807.0 0.6038
807.5 0.6881
808.0 0.6795
808.5 0.6599
809.0 0.5965
809.5 0.8260
810.0 0.7627
810.5 0.8229
811.0 0.7708
811.5 0.7190
812.0 0.5108
812.5 0.6882
813.0 0.6880
813.5 0.5448
814.0 0.5978
814.5 0.6615
815.0 0.7727
815.5 0.4905
816.0 0.4861
816.5 0.4318
817.0 0.4909
817.5 0.2578
818.0 0.2044
818.5 0.3588
819.0 0.4433
819.5 0.1171
820.0 0.2565
820.5 0.0121
821.0 -0.0083
821.5 0.1161
822.0 -0.0880
822.5 0.0282
823.0 -0.1684
823.5 -0.1504
824.0 -0.4080
824.5 -0.2018
825.0 -0.2729
825.5 -0.3453
826.0 -0.3980
826.5 -0.5196
827.0 -0.2000
827.5 -0.1167
828.0 -0.3691
828.5 -0.3508
829.0 -0.2356
829.5 -0.3532
830.0 -0.2054
830.5 -0.1846
831.0 -0.3141
831.5 -0.1488
832.0 -0.3115
832.5 -0.2121
833.0 -0.2359
833.5 -0.1508
834.0 -0.3317
834.5 -0.3836
835.0 -0.3483
835.5 -0.2509
836.0 -0.0421
836.5 -0.3484
837.0 -0.3526
837.5 -0.2237
838.0 -0.3826
838.5 -0.2178
839.0 -0.1209
839.5 -0.3610
840.0 -0.2565
840.5 -0.2191
841.0 -0.2270
841.5 -0.1863
842.0 -0.2641
842.5 -0.2459
843.0 -0.1305
843.5 -0.2077
844.0 -0.2453
844.5 -0.3055
845.0 -0.0591
845.5 -0.2111
846.0 -0.1703
846.5 -0.0613
847.0 -0.2742
847.5 -0.2814
848.0 -0.1705
848.5 -0.2503
849.0 0.0899
849.5 -0.2208
850.0 -0.2704
850.5 -0.2017
851.0 -0.1641
851.5 -0.2309
852.0 -0.0378
852.5 -0.1563
853.0 -0.0270
853.5 -0.2229
854.0 -0.1174
854.5 -0.2359
855.0 -0.3882
855.5 -0.0724
856.0 -0.0751
856.5 -0.2534
857.0 -0.1667
857.5 -0.1034
858.0 -0.1433
858.5 -0.2901
859.0 -0.2556
859.5 -0.1395
860.0 -0.3434
860.5 -0.1828
861.0 0.0199
861.5 -0.0693
862.0 -0.1683
862.5 0.1229
863.0 -0.3075
863.5 -0.1116
864.0 -0.1504
864.5 -0.2906
865.0 -0.0983
865.5 -0.2232
866.0 -0.1239
866.5 -0.0803
867.0 -0.0570
867.5 -0.0995
868.0 -0.0646
868.5 -0.2174
869.0 -0.2527
869.5 0.0733
870.0 -0.2287
870.5 -0.1821
871.0 -0.0996
871.5 -0.1036
872.0 -0.0444
872.5 -0.1721
873.0 -0.3336
873.5 -0.0631
874.0 -0.0230
874.5 -0.2209
875.0 -0.0868
875.5 -0.1431
876.0 -0.3447
876.5 0.0935
877.0 -0.1493
877.5 -0.1558
878.0 -0.2284
878.5 -0.0949
879.0 -0.1927
879.5 -0.0629
880.0 0.0458
880.5 -0.3382
881.0 -0.1896
881.5 -0.1335
882.0 -0.0572
882.5 -0.0505
883.0 0.1286
883.5 -0.1640
884.0 -0.1100
884.5 -0.0477
885.0 -0.0547
885.5 -0.0918
886.0 -0.1168
886.5 -0.0717
887.0 -0.0017
887.5 0.0087
888.0 -0.0168
888.5 -0.2332
889.0 -0.0750
889.5 -0.2335
890.0 -0.0122
890.5 -0.0495
891.0 -0.1097
891.5 -0.0253
892.0 -0.2071
892.5 -0.2197
893.0 0.0066
893.5 0.1257
894.0 -0.0753
894.5 -0.1351
895.0 -0.1314
895.5 -0.1306
896.0 -0.0402
896.5 -0.0490
897.0 -0.0187
897.5 0.0174
898.0 0.1411
898.5 -0.1000
899.0 -0.0178
899.5 -0.1911
900.0 0.0445
900.5 -0.1692
901.0 0.0184
901.5 -0.1362
902.0 -0.0632
902.5 -0.0334
903.0 -0.1495
903.5 -0.2705
904.0 -0.0810
904.5 0.0231
905.0 -0.0018
905.5 -0.2782
906.0 0.0399
906.5 -0.1208
907.0 0.1343
907.5 -0.0378
908.0 -0.0798
908.5 0.1127
909.0 -0.1543
909.5 -0.1546
910.0 -0.0136
910.5 0.0556
911.0 0.0174
911.5 -0.0223
912.0 0.0547
912.5 0.0059
913.0 0.2183
913.5 -0.0143
914.0 0.0955
914.5 -0.1509
915.0 0.2018
915.5 -0.0996
916.0 -0.0260
916.5 0.0050
917.0 0.2044
917.5 0.0537
918.0 0.0019
918.5 -0.0338
919.0 0.0713
919.5 0.0781
920.0 0.0941
920.5 0.1382
921.0 0.1172
921.5 0.1215
922.0 0.0831
922.5 -0.0043
923.0 -0.2426
923.5 -0.0865
924.0 -0.0693
924.5 0.1595
925.0 0.2522
925.5 0.0904
926.0 0.0493
926.5 0.0338
927.0 -0.0057
927.5 0.0856
928.0 0.1158
928.5 0.0744
929.0 0.1556
929.5 0.1163
930.0 0.1939
930.5 0.1423
931.0 0.2435
931.5 0.0508
932.0 0.1515
932.5 0.2290
933.0 0.0470
933.5 0.3234
934.0 0.0368
934.5 0.1470
935.0 0.2291
935.5 0.3604
936.0 0.3745
936.5 0.3897
937.0 0.1016
937.5 0.2352
938.0 0.2605
938.5 0.3482
939.0 0.3770
939.5 0.2626
940.0 0.3513
940.5 0.4320
941.0 0.5199
941.5 0.5274
942.0 0.5706
942.5 0.6821
943.0 0.5971
943.5 0.7672
944.0 0.6738
944.5 0.8284
945.0 0.8042
945.5 0.8305
946.0 1.0227
946.5 1.0069
947.0 0.9288
947.5 0.9945
948.0 0.9634
948.5 0.9013
949.0 0.9722
949.5 0.9731
950.0 0.9849
950.5 1.0016
951.0 0.9755
951.5 0.9320
952.0 1.0869
952.5 1.1491
953.0 1.0226
953.5 0.8937
954.0 0.9681
954.5 0.9265
955.0 0.9128
955.5 0.9894
956.0 0.9755
956.5 1.0278
957.0 0.9604
957.5 0.9831
958.0 1.0492
958.5 0.9893
959.0 1.0247
959.5 0.8754
960.0 1.1115
960.5 0.9448
961.0 0.8594
961.5 0.9279
962.0 0.8465
962.5 0.9002
963.0 0.8595
963.5 0.9387
964.0 1.0972
964.5 0.9761
965.0 0.9105
965.5 0.7064
966.0 0.8104
966.5 0.7870
967.0 0.7850
967.5 0.9110
968.0 1.0734
968.5 0.8827
969.0 1.0025
969.5 0.8028
970.0 1.0310
970.5 0.8616
971.0 0.8719
971.5 0.7777
972.0 0.9241
972.5 0.8966
973.0 0.9029
973.5 0.8055
974.0 0.9275
974.5 0.7724
975.0 0.6148
975.5 0.6888
976.0 0.8982
976.5 0.8386
977.0 0.5785
977.5 0.7516
978.0 0.9051
978.5 0.7845
979.0 0.7806
979.5 0.6205
980.0 0.8245
980.5 0.7348
981.0 0.6377
981.5 0.8621
982.0 0.7627
982.5 0.9249
983.0 0.7944
983.5 0.6911
984.0 0.7877
984.5 0.8962
985.0 0.7220
985.5 0.8042
986.0 0.5483
986.5 0.6881
987.0 0.6616
987.5 0.7247
988.0 0.7252
988.5 0.7472
989.0 0.6913
989.5 0.6430
990.0 0.6381
990.5 0.6599
991.0 0.5416
991.5 0.5517
992.0 0.5458
992.5 0.6529
993.0 0.7458
993.5 0.4766
994.0 0.5959
994.5 0.5547
995.0 0.5273
995.5 0.5200
996.0 0.6414
996.5 0.4283
997.0 0.5180
997.5 0.3466
998.0 0.5109
998.5 0.4061
999.0 0.2636
999.5 0.2728
1000.0 0.1618

